223509.375
107615.625
107615.625
107615.625
223509.375
107615.625
107615.625
107615.625
215231.25
107615.625
107615.625
107615.625
215231.25
107615.625
107615.625
107615.625
968540.625
107615.625
107615.625
107615.625
968540.625
107615.625
107615.625
107615.625
215231.25
430462.5
82781.25
82781.25
82781.25
82781.25
82781.25
662250.0
107615.625
107615.625
107615.625
107615.625
662250.0
107615.625
107615.625
107615.625
107615.625
107615.625
107615.625
430462.5
107615.625
107615.625
107615.625
157284.375
82781.25
82781.25
645693.75
157284.375
157284.375
157284.375
82781.25
82781.25
645693.75
157284.375
157284.375
157284.375
74503.125
74503.125
596025.0
298012.5
298012.5
215231.25
430462.5
82781.25
82781.25
82781.25
82781.25
82781.25
662250.0
107615.625
107615.625
107615.625
107615.625
662250.0
107615.625
107615.625
107615.625
107615.625
107615.625
107615.625
430462.5
107615.625
107615.625
107615.625
157284.375
82781.25
82781.25
645693.75
157284.375
157284.375
132450.0
132450.0
132450.0
132450.0
132450.0
132450.0
107615.625
107615.625
107615.625
107615.625
107615.625
248343.75
298012.5
198675.0
397350.0
132450.0
132450.0
132450.0
107615.625
107615.625
107615.625
107615.625
107615.625
107615.625
223509.375
215231.25
430462.5
82781.25
82781.25
82781.25
82781.25
82781.25
662250.0
107615.625
107615.625
107615.625
107615.625
662250.0
107615.625
107615.625
107615.625
107615.625
107615.625
107615.625
430462.5
107615.625
107615.625
107615.625
157284.375
82781.25
82781.25
645693.75
157284.375
157284.375
157284.375
82781.25
82781.25
645693.75
157284.375
157284.375
157284.375
74503.125
74503.125
596025.0
298012.5
298012.5
215231.25
430462.5
82781.25
82781.25
82781.25
82781.25
82781.25
662250.0
107615.625
107615.625
107615.625
107615.625
662250.0
107615.625
107615.625
107615.625
107615.625
107615.625
107615.625
430462.5
107615.625
107615.625
107615.625
157284.375
82781.25
82781.25
645693.75
157284.375
157284.375
132450.0
132450.0
132450.0
132450.0
132450.0
132450.0
107615.625
107615.625
107615.625
107615.625
107615.625
248343.75
298012.5
198675.0
397350.0
132450.0
132450.0
132450.0
107615.625
107615.625
107615.625
107615.625
107615.625
107615.625
223509.375
215231.25
430462.5
82781.25
82781.25
82781.25
82781.25
82781.25
662250.0
107615.625
107615.625
107615.625
107615.625
662250.0
107615.625
107615.625
107615.625
107615.625
107615.625
107615.625
430462.5
107615.625
107615.625
107615.625
157284.375
82781.25
82781.25
645693.75
157284.375
157284.375
157284.375
82781.25
82781.25
645693.75
157284.375
157284.375
157284.375
74503.125
74503.125
596025.0
298012.5
298012.5
215231.25
430462.5
82781.25
82781.25
82781.25
82781.25
82781.25
662250.0
107615.625
107615.625
107615.625
107615.625
662250.0
107615.625
107615.625
107615.625
107615.625
107615.625
107615.625
430462.5
107615.625
107615.625
107615.625
157284.375
82781.25
82781.25
645693.75
157284.375
157284.375
132450.0
132450.0
132450.0
132450.0
132450.0
132450.0
107615.625
107615.625
107615.625
107615.625
107615.625
248343.75
298012.5
198675.0
397350.0
132450.0
132450.0
132450.0
107615.625
107615.625
107615.625
107615.625
107615.625
107615.625
223509.375
215231.25
430462.5
82781.25
82781.25
82781.25
82781.25
82781.25
662250.0
107615.625
107615.625
107615.625
107615.625
662250.0
107615.625
107615.625
107615.625
107615.625
107615.625
107615.625
430462.5
107615.625
107615.625
107615.625
157284.375
82781.25
82781.25
645693.75
157284.375
157284.375
