165562.5
82781.25
82781.25
82781.25
165562.5
82781.25
82781.25
82781.25
165562.5
82781.25
82781.25
82781.25
165562.5
82781.25
82781.25
82781.25
852646.875
82781.25
82781.25
82781.25
852646.875
165562.5
82781.25
82781.25
82781.25
165562.5
66225.0
66225.0
66225.0
66225.0
66225.0
190396.875
66225.0
66225.0
66225.0
66225.0
66225.0
132450.0
82781.25
82781.25
82781.25
82781.25
173840.625
66225.0
66225.0
66225.0
66225.0
66225.0
82781.25
82781.25
82781.25
82781.25
82781.25
82781.25
82781.25
82781.25
82781.25
82781.25
82781.25
82781.25
82781.25
82781.25
82781.25
124171.875
57946.875
57946.875
82781.25
82781.25
82781.25
165562.5
124171.875
124171.875
124171.875
57946.875
57946.875
74503.125
74503.125
74503.125
157284.375
115893.75
115893.75
157284.375
74503.125
74503.125
74503.125
157284.375
57946.875
57946.875
57946.875
57946.875
57946.875
57946.875
397350.0
165562.5
82781.25
82781.25
82781.25
165562.5
66225.0
66225.0
66225.0
66225.0
66225.0
190396.875
66225.0
66225.0
66225.0
66225.0
66225.0
132450.0
82781.25
82781.25
82781.25
82781.25
173840.625
66225.0
66225.0
66225.0
66225.0
66225.0
82781.25
82781.25
82781.25
82781.25
82781.25
82781.25
82781.25
82781.25
82781.25
82781.25
82781.25
82781.25
82781.25
82781.25
82781.25
124171.875
57946.875
57946.875
82781.25
82781.25
82781.25
165562.5
124171.875
124171.875
82781.25
82781.25
82781.25
82781.25
82781.25
82781.25
82781.25
82781.25
82781.25
82781.25
82781.25
711918.75
711918.75
951984.375
173840.625
422184.375
66225.0
66225.0
66225.0
66225.0
66225.0
99337.5
99337.5
554634.375
314568.75
99337.5
99337.5
289734.375
289734.375
289734.375
99337.5
66225.0
66225.0
66225.0
66225.0
66225.0
66225.0
529800.0
82781.25
82781.25
529800.0
82781.25
82781.25
794700.0
82781.25
82781.25
82781.25
347681.25
82781.25
82781.25
82781.25
248343.75
165562.5
82781.25
82781.25
82781.25
165562.5
66225.0
66225.0
66225.0
66225.0
66225.0
190396.875
66225.0
66225.0
66225.0
66225.0
66225.0
132450.0
82781.25
82781.25
82781.25
82781.25
173840.625
66225.0
66225.0
66225.0
66225.0
66225.0
82781.25
82781.25
82781.25
82781.25
82781.25
82781.25
82781.25
82781.25
82781.25
82781.25
82781.25
82781.25
82781.25
82781.25
82781.25
124171.875
57946.875
57946.875
82781.25
82781.25
82781.25
165562.5
124171.875
124171.875
124171.875
57946.875
57946.875
74503.125
74503.125
74503.125
157284.375
115893.75
115893.75
157284.375
74503.125
74503.125
74503.125
157284.375
57946.875
57946.875
57946.875
57946.875
57946.875
57946.875
397350.0
165562.5
82781.25
82781.25
82781.25
165562.5
66225.0
66225.0
66225.0
66225.0
66225.0
190396.875
66225.0
66225.0
66225.0
66225.0
66225.0
132450.0
82781.25
82781.25
82781.25
82781.25
173840.625
66225.0
66225.0
66225.0
66225.0
66225.0
82781.25
82781.25
82781.25
82781.25
82781.25
82781.25
82781.25
82781.25
82781.25
82781.25
82781.25
82781.25
82781.25
82781.25
82781.25
124171.875
57946.875
57946.875
82781.25
82781.25
82781.25
165562.5
124171.875
124171.875
82781.25
82781.25
82781.25
82781.25
82781.25
82781.25
82781.25
82781.25
82781.25
82781.25
82781.25
711918.75
711918.75
951984.375
173840.625
422184.375
66225.0
66225.0
66225.0
66225.0
66225.0
99337.5
99337.5
554634.375
314568.75
99337.5
99337.5
289734.375
289734.375
289734.375
99337.5
66225.0
66225.0
66225.0
66225.0
66225.0
66225.0
529800.0
82781.25
82781.25
529800.0
82781.25
82781.25
794700.0
82781.25
82781.25
82781.25
347681.25
82781.25
82781.25
82781.25
248343.75
165562.5
82781.25
82781.25
82781.25
165562.5
66225.0
66225.0
66225.0
66225.0
66225.0
190396.875
66225.0
66225.0
66225.0
66225.0
66225.0
132450.0
82781.25
82781.25
82781.25
82781.25
173840.625
66225.0
66225.0
66225.0
66225.0
66225.0
82781.25
82781.25
82781.25
82781.25
82781.25
82781.25
82781.25
82781.25
82781.25
82781.25
82781.25
82781.25
82781.25
82781.25
82781.25
124171.875
57946.875
57946.875
82781.25
82781.25
82781.25
165562.5
124171.875
124171.875
124171.875
57946.875
57946.875
74503.125
74503.125
74503.125
157284.375
115893.75
115893.75
157284.375
74503.125
74503.125
74503.125
157284.375
57946.875
57946.875
57946.875
57946.875
57946.875
57946.875
397350.0
165562.5
82781.25
82781.25
82781.25
165562.5
66225.0
66225.0
66225.0
66225.0
66225.0
190396.875
66225.0
66225.0
66225.0
66225.0
66225.0
132450.0
82781.25
82781.25
82781.25
82781.25
173840.625
66225.0
66225.0
66225.0
66225.0
66225.0
82781.25
82781.25
82781.25
82781.25
82781.25
82781.25
82781.25
82781.25
82781.25
82781.25
82781.25
82781.25
82781.25
82781.25
82781.25
124171.875
57946.875
57946.875
82781.25
82781.25
82781.25
165562.5
124171.875
124171.875
82781.25
82781.25
82781.25
82781.25
82781.25
82781.25
82781.25
82781.25
82781.25
82781.25
82781.25
711918.75
711918.75
951984.375
173840.625
422184.375
66225.0
66225.0
66225.0
66225.0
66225.0
99337.5
99337.5
554634.375
314568.75
99337.5
99337.5
289734.375
289734.375
289734.375
99337.5
66225.0
66225.0
66225.0
66225.0
66225.0
66225.0
529800.0
82781.25
82781.25
529800.0
82781.25
82781.25
794700.0
82781.25
82781.25
82781.25
347681.25
82781.25
82781.25
82781.25
248343.75
165562.5
82781.25
82781.25
82781.25
165562.5
66225.0
66225.0
66225.0
66225.0
66225.0
190396.875
66225.0
66225.0
66225.0
66225.0
66225.0
132450.0
82781.25
82781.25
82781.25
82781.25
173840.625
66225.0
66225.0
66225.0
66225.0
66225.0
206953.125
82781.25
82781.25
82781.25
82781.25
82781.25
82781.25
82781.25
82781.25
82781.25
82781.25
82781.25
82781.25
82781.25
82781.25
124171.875
57946.875
57946.875
82781.25
82781.25
82781.25
165562.5
124171.875
124171.875
