392
392
294
392
349
349
392
440
466
466
392
466
440
440
466
523
587
523
523
523
587
523
494
440
392
294
392
392
440
494
523
587
587
587
622
698
784
784
784
698
622
698
622
587
587
622
587
523
523
587
622
587
523
466
466
523
587
523
466
440
440
494
554
659
587
392
294
392
392
440
494
523
587
587
587
622
698
784
784
784
698
622
698
622
587
587
622
587
523
523
587
622
587
523
466
440
466
523
466
523
587
587
587
523
466
587
466
392
370
370
330
370
392
440
466
523
466
440
466
392
294
392
392
440
494
523
587
587
587
622
698
784
784
784
698
622
698
622
587
587
622
587
523
523
587
622
587
523
466
466
523
587
523
466
440
440
494
554
659
587
392
294
392
392
440
494
523
587
587
587
622
698
784
784
784
698
622
698
622
587
587
622
587
523
523
587
622
587
523
466
440
466
523
466
523
587
587
587
523
466
587
466
392
370
370
330
370
392
440
466
523
466
440
466
392
294
392
392
440
494
523
587
587
587
622
698
784
784
784
698
622
698
622
587
587
622
587
523
523
587
622
587
523
466
466
523
587
523
466
440
440
494
554
659
587
392
294
392
392
440
494
523
587
587
587
622
698
784
784
784
698
622
698
622
587
587
622
587
523
523
587
622
587
523
466
440
466
523
466
523
587
587
587
523
466
587
466
392
370
370
330
370
392
440
466
523
466
440
466
392
294
392
392
440
494
523
587
587
587
622
698
784
784
784
698
622
698
622
587
587
622
587
523
523
587
622
587
523
