196
196
196
196
175
175
175
175
156
156
156
156
175
175
175
175
156
175
196
196
196
196
196
147
147
147
196
196
196
196
196
147
147
147
98
98
98
87
98
98
87
87
87
78
87
87
78
78
78
73
78
78
117
117
117
104
117
117
104
104
104
98
104
104
104
104
98
98
98
87
98
98
98
98
110
110
110
110
110
110
110
110
147
196
196
196
220
82
93
98
98
98
87
98
98
87
87
87
78
87
87
78
78
78
73
78
78
117
117
117
104
117
117
104
208
208
196
208
208
208
208
196
185
175
165
131
147
147
294
262
220
196
220
233
196
78
156
196
233
311
78
78
78
73
147
175
220
294
147
147
147
98
98
98
98
98
98
98
98
98
98
98
98
98
98
87
78
78
98
117
156
78
78
78
104
104
131
156
208
104
104
104
73
131
131
131
131
73
73
73
73
156
147
131
117
110
98
98
98
87
98
98
87
87
87
78
87
87
78
78
78
73
78
78
117
117
117
104
117
117
104
104
104
98
104
104
104
104
98
98
98
87
98
98
98
98
110
110
110
110
110
110
110
110
147
196
196
196
220
82
93
98
98
98
87
98
98
87
87
87
78
87
87
78
78
78
73
78
78
117
117
117
104
117
117
104
208
208
196
208
208
208
208
196
185
175
165
131
147
147
294
262
220
196
220
233
196
78
156
196
233
311
78
78
78
73
147
175
220
294
147
147
147
98
98
98
98
98
98
98
98
98
98
98
98
98
98
87
78
78
98
117
156
78
78
78
104
104
131
156
208
104
104
104
73
131
131
131
131
73
73
73
73
156
147
131
117
110
98
98
98
87
98
98
87
87
87
78
87
87
78
78
78
73
78
78
117
117
117
104
117
117
104
104
104
98
104
104
104
104
98
98
98
87
98
98
98
98
110
110
110
110
110
110
110
110
147
196
196
196
220
82
93
98
98
98
87
98
98
87
87
87
78
87
87
78
78
78
73
78
78
117
117
117
104
117
117
104
208
208
196
208
208
208
208
196
185
175
165
131
147
147
294
262
220
196
220
233
196
78
156
196
233
311
78
78
78
73
147
175
220
294
147
147
147
98
98
98
98
98
98
98
98
98
98
98
98
98
98
87
78
78
98
117
156
78
78
78
104
104
131
156
208
104
104
104
73
131
131
131
131
73
73
73
73
156
147
131
117
110
98
98
98
87
98
98
87
87
87
78
87
87
78
78
78
73
78
78
117
117
117
104
117
117
104
104
104
98
104
104
104
104
