247
247
247
247
220
220
247
262
311
311
311
311
349
349
349
349
392
349
349
349
392
247
262
247
220
247
247
247
262
294
330
349
392
392
440
494
523
587
349
349
392
440
466
311
311
349
392
440
466
466
466
440
392
466
349
349
349
311
349
349
349
311
349
311
311
294
311
311
349
392
349
311
294
294
262
294
294
311
349
311
294
277
277
277
294
330
330
370
392
440
466
523
440
247
262
247
220
247
247
247
262
294
330
349
392
392
440
494
523
587
349
349
392
440
466
311
311
349
392
440
466
466
466
440
392
466
349
349
349
311
349
349
349
311
349
311
311
294
311
311
349
392
349
311
294
277
294
370
392
440
466
466
466
440
392
587
1175
784
466
392
440
440
466
523
587
523
466
440
349
392
294
294
262
330
392
392
349
392
440
466
523
587
587
523
466
523
622
831
392
392
392
392
392
392
392
440
247
262
247
220
247
247
247
262
294
330
349
392
392
440
494
523
587
349
349
392
440
466
311
311
349
392
440
466
466
466
440
392
466
349
349
349
311
349
349
349
311
349
311
311
294
311
311
349
392
349
311
294
294
262
294
294
311
349
311
294
277
277
277
294
330
330
370
392
440
466
523
440
247
262
247
220
247
247
247
262
294
330
349
392
392
440
494
523
587
349
349
392
440
466
311
311
349
392
440
466
466
466
440
392
466
349
349
349
311
349
349
349
311
349
311
311
294
311
311
349
392
349
311
294
277
294
370
392
440
466
466
466
440
392
587
1175
784
466
392
440
440
466
523
587
523
466
440
349
392
294
294
262
330
392
392
349
392
440
466
523
587
587
523
466
523
622
831
392
392
392
392
392
392
392
440
247
262
247
220
247
247
247
262
294
330
349
392
392
440
494
523
587
349
349
392
440
466
311
311
349
392
440
466
466
466
440
392
466
349
349
349
311
349
349
349
311
349
311
311
294
311
311
349
392
349
311
294
294
262
294
294
311
349
311
294
277
277
277
294
330
330
370
392
440
466
523
440
247
262
247
220
247
247
247
262
294
330
349
392
392
440
494
523
587
349
349
392
440
466
311
311
349
392
440
466
466
466
440
392
466
349
349
349
311
349
349
349
311
349
311
311
294
311
311
349
392
349
311
294
277
294
370
392
440
466
466
466
440
392
587
1175
784
466
392
440
440
466
523
587
523
466
440
349
392
294
294
262
330
392
392
349
392
440
466
523
587
587
523
466
523
622
831
392
392
392
392
392
392
392
440
247
262
247
220
247
247
247
262
294
330
349
392
392
440
494
523
587
349
349
392
440
466
311
311
349
392
440
466
466
466
440
392
466
349
349
349
311
349
349
349
311
349
311
311
294
311
311
349
392
349
311
