2483437.5
2880787.5
3013237.5
3145687.5
3278137.5
3675487.5
3807937.5
3940387.5
4072837.5
4470187.5
4602637.5
4735087.5
4867537.5
5264887.5
5397337.5
5529787.5
5662237.5
6854287.5
6986737.5
7119187.5
7251637.5
8443687.5
8576137.5
8708587.5
8841037.5
9238387.5
9933750.0
10033087.5
10132425.0
10231762.5
10331100.0
10430437.5
11490037.5
11622487.5
11754937.5
11887387.5
12019837.5
13079437.5
13211887.5
13344337.5
13476787.5
13609237.5
13874137.5
14006587.5
14801287.5
14933737.5
15066187.5
15198637.5
15397312.5
15496650.0
15595987.5
16390687.5
16589362.5
16788037.5
16986712.5
17086050.0
17185387.5
17980087.5
18178762.5
18377437.5
18576112.5
18675450.0
18774787.5
19569487.5
19966837.5
21556237.5
21953587.5
22648950.0
22748287.5
22847625.0
22946962.5
23046300.0
23145637.5
24205237.5
24337687.5
24470137.5
24602587.5
24735037.5
25794637.5
25927087.5
26059537.5
26191987.5
26324437.5
26589337.5
26721787.5
27516487.5
27648937.5
27781387.5
27913837.5
28112512.5
28211850.0
28311187.5
29105887.5
29304562.5
29503237.5
29635687.5
29768137.5
29900587.5
30033037.5
30165487.5
30297937.5
30562837.5
30695287.5
30827737.5
30960187.5
31092637.5
31390650.0
31688662.5
31887337.5
32284687.5
32417137.5
32549587.5
32682037.5
32814487.5
32946937.5
33079387.5
33211837.5
33344287.5
33476737.5
46986637.5
47383987.5
48079350.0
48178687.5
48278025.0
48377362.5
48476700.0
48576037.5
49635637.5
49768087.5
49900537.5
50032987.5
50165437.5
51225037.5
51357487.5
51489937.5
51622387.5
51754837.5
52019737.5
52152187.5
52946887.5
53079337.5
53211787.5
53344237.5
53542912.5
53642250.0
53741587.5
54536287.5
54734962.5
54933637.5
55132312.5
55231650.0
55330987.5
56125687.5
56324362.5
56523037.5
56721712.5
56821050.0
56920387.5
57715087.5
58112437.5
59701837.5
60099187.5
60794550.0
60893887.5
60993225.0
61092562.5
61191900.0
61291237.5
62350837.5
62483287.5
62615737.5
62748187.5
62880637.5
63940237.5
64072687.5
64205137.5
64337587.5
64470037.5
64734937.5
64867387.5
65662087.5
65794537.5
65926987.5
66059437.5
66258112.5
66357450.0
66456787.5
67251487.5
67450162.5
67648837.5
67781287.5
67913737.5
68046187.5
68178637.5
68311087.5
68443537.5
68708437.5
68840887.5
68973337.5
69105787.5
69238237.5
69536250.0
69834262.5
70032937.5
70430287.5
70562737.5
70695187.5
70827637.5
70960087.5
71092537.5
71224987.5
71357437.5
71489887.5
71622337.5
85132237.5
85529587.5
86224950.0
86324287.5
86423625.0
86522962.5
86622300.0
86721637.5
87781237.5
87913687.5
88046137.5
88178587.5
88311037.5
89370637.5
89503087.5
89635537.5
89767987.5
89900437.5
90165337.5
90297787.5
91092487.5
91224937.5
91357387.5
91489837.5
91688512.5
91787850.0
91887187.5
92681887.5
92880562.5
93079237.5
93277912.5
93377250.0
93476587.5
94271287.5
94469962.5
94668637.5
94867312.5
94966650.0
95065987.5
95860687.5
96258037.5
97847437.5
98244787.5
98940150.0
99039487.5
99138825.0
99238162.5
99337500.0
99436837.5
100496437.5
100628887.5
100761337.5
100893787.5
101026237.5
102085837.5
102218287.5
102350737.5
102483187.5
102615637.5
102880537.5
103012987.5
103807687.5
103940137.5
104072587.5
104205037.5
104403712.5
104503050.0
104602387.5
105397087.5
105595762.5
105794437.5
105926887.5
106059337.5
106191787.5
106324237.5
106456687.5
106589137.5
106854037.5
106986487.5
107118937.5
107251387.5
107383837.5
107681850.0
107979862.5
108178537.5
108575887.5
108708337.5
108840787.5
108973237.5
109105687.5
109238137.5
109370587.5
109503037.5
109635487.5
109767937.5
123277837.5
123675187.5
124370550.0
124469887.5
124569225.0
124668562.5
124767900.0
124867237.5
125926837.5
126059287.5
126191737.5
126324187.5
126456637.5
127516237.5
127648687.5
127781137.5
127913587.5
128046037.5
128310937.5
128443387.5
129238087.5
129370537.5
129502987.5
129635437.5
129834112.5
129933450.0
130032787.5
130827487.5
131026162.5
