2483437.5
2880787.5
3013237.5
3145687.5
3278137.5
3675487.5
3807937.5
3940387.5
4072837.5
4470187.5
4602637.5
4735087.5
4867537.5
5264887.5
5397337.5
5529787.5
5662237.5
6854287.5
6986737.5
7119187.5
7251637.5
8841037.5
9238387.5
9370837.5
9503287.5
9635737.5
9933750.0
10033087.5
10132425.0
10231762.5
10331100.0
10430437.5
10728450.0
10827787.5
10927125.0
11026462.5
11125800.0
11225137.5
11490037.5
11622487.5
11754937.5
11887387.5
12019837.5
12317850.0
12417187.5
12516525.0
12615862.5
12715200.0
12814537.5
13079437.5
13211887.5
13344337.5
13476787.5
13609237.5
13874137.5
14006587.5
14139037.5
14271487.5
14403937.5
14668837.5
14801287.5
14933737.5
15066187.5
15198637.5
15397312.5
15496650.0
15595987.5
15728437.5
15860887.5
15993337.5
16390687.5
16589362.5
16788037.5
16986712.5
17086050.0
17185387.5
17317837.5
17450287.5
17582737.5
17980087.5
18178762.5
18377437.5
18774787.5
18907237.5
19039687.5
19172137.5
19370812.5
19470150.0
19569487.5
19668825.0
19768162.5
19867500.0
19966837.5
21556237.5
21953587.5
22086037.5
22218487.5
22350937.5
22648950.0
22748287.5
22847625.0
22946962.5
23046300.0
23145637.5
23443650.0
23542987.5
23642325.0
23741662.5
23841000.0
23940337.5
24205237.5
24337687.5
24470137.5
24602587.5
24735037.5
25033050.0
25132387.5
25231725.0
25331062.5
25430400.0
25529737.5
25794637.5
25927087.5
26059537.5
26191987.5
26324437.5
26589337.5
26721787.5
26854237.5
26986687.5
27119137.5
27384037.5
27516487.5
27648937.5
27781387.5
27913837.5
28112512.5
28211850.0
28311187.5
28443637.5
28576087.5
28708537.5
29105887.5
29304562.5
29503237.5
29635687.5
29768137.5
29900587.5
30033037.5
30165487.5
30297937.5
30562837.5
30695287.5
30827737.5
30960187.5
31092637.5
31887337.5
32682037.5
34271437.5
34668787.5
35364150.0
35463487.5
35562825.0
35662162.5
35761500.0
35860837.5
36125737.5
36258187.5
37052887.5
37450237.5
37715137.5
37847587.5
38244937.5
38642287.5
39039637.5
39238312.5
39337650.0
39436987.5
39536325.0
39635662.5
39735000.0
39834337.5
40629037.5
40893937.5
41026387.5
42218437.5
42483337.5
42615787.5
44205187.5
44337637.5
44470087.5
44602537.5
45794587.5
45927037.5
46059487.5
46191937.5
46986637.5
47383987.5
47516437.5
47648887.5
47781337.5
48079350.0
48178687.5
48278025.0
48377362.5
48476700.0
48576037.5
48874050.0
48973387.5
49072725.0
49172062.5
49271400.0
49370737.5
49635637.5
49768087.5
49900537.5
50032987.5
50165437.5
50463450.0
50562787.5
50662125.0
50761462.5
50860800.0
50960137.5
51225037.5
51357487.5
51489937.5
51622387.5
51754837.5
52019737.5
52152187.5
52284637.5
52417087.5
52549537.5
52814437.5
52946887.5
53079337.5
53211787.5
53344237.5
53542912.5
53642250.0
53741587.5
53874037.5
54006487.5
54138937.5
54536287.5
54734962.5
54933637.5
55132312.5
55231650.0
55330987.5
55463437.5
55595887.5
55728337.5
56125687.5
56324362.5
56523037.5
56920387.5
57052837.5
57185287.5
57317737.5
57516412.5
57615750.0
57715087.5
57814425.0
57913762.5
58013100.0
58112437.5
59701837.5
60099187.5
60231637.5
60364087.5
60496537.5
60794550.0
60893887.5
60993225.0
61092562.5
61191900.0
61291237.5
61589250.0
61688587.5
61787925.0
61887262.5
61986600.0
62085937.5
62350837.5
62483287.5
62615737.5
62748187.5
62880637.5
63178650.0
63277987.5
63377325.0
63476662.5
63576000.0
63675337.5
63940237.5
64072687.5
64205137.5
64337587.5
64470037.5
64734937.5
64867387.5
64999837.5
65132287.5
65264737.5
65529637.5
65662087.5
65794537.5
65926987.5
66059437.5
66258112.5
66357450.0
66456787.5
66589237.5
66721687.5
66854137.5
67251487.5
67450162.5
67648837.5
67781287.5
67913737.5
68046187.5
68178637.5
68311087.5
68443537.5
68708437.5
68840887.5
68973337.5
69105787.5
69238237.5
70032937.5
70827637.5
72417037.5
72814387.5
73509750.0
73609087.5
73708425.0
73807762.5
73907100.0
74006437.5
74271337.5
74403787.5
75198487.5
75595837.5
75860737.5
75993187.5
76390537.5
76787887.5
77185237.5
77383912.5
77483250.0
77582587.5
77681925.0
77781262.5
77880600.0
77979937.5
78774637.5
79039537.5
79171987.5
80364037.5
80628937.5
80761387.5
82350787.5
82483237.5
82615687.5
82748137.5
83940187.5
84072637.5
84205087.5
84337537.5
85132237.5
85529587.5
85662037.5
85794487.5
85926937.5
86224950.0
86324287.5
86423625.0
86522962.5
86622300.0
86721637.5
87019650.0
87118987.5
87218325.0
87317662.5
87417000.0
87516337.5
87781237.5
87913687.5
88046137.5
88178587.5
88311037.5
88609050.0
88708387.5
88807725.0
88907062.5
89006400.0
89105737.5
89370637.5
89503087.5
89635537.5
89767987.5
89900437.5
90165337.5
90297787.5
90430237.5
90562687.5
90695137.5
90960037.5
91092487.5
91224937.5
91357387.5
91489837.5
91688512.5
91787850.0
91887187.5
92019637.5
92152087.5
92284537.5
92681887.5
92880562.5
93079237.5
93277912.5
93377250.0
93476587.5
93609037.5
93741487.5
93873937.5
94271287.5
94469962.5
94668637.5
95065987.5
95198437.5
95330887.5
95463337.5
95662012.5
95761350.0
95860687.5
95960025.0
96059362.5
96158700.0
96258037.5
97847437.5
98244787.5
98377237.5
98509687.5
98642137.5
98940150.0
99039487.5
99138825.0
99238162.5
99337500.0
99436837.5
99734850.0
99834187.5
99933525.0
100032862.5
100132200.0
100231537.5
100496437.5
100628887.5
100761337.5
100893787.5
101026237.5
101324250.0
101423587.5
101522925.0
101622262.5
101721600.0
101820937.5
102085837.5
102218287.5
102350737.5
102483187.5
102615637.5
102880537.5
103012987.5
103145437.5
103277887.5
103410337.5
103675237.5
103807687.5
103940137.5
104072587.5
104205037.5
104403712.5
104503050.0
104602387.5
104734837.5
104867287.5
104999737.5
105397087.5
105595762.5
105794437.5
105926887.5
106059337.5
106191787.5
106324237.5
106456687.5
106589137.5
106854037.5
106986487.5
107118937.5
107251387.5
107383837.5
108178537.5
108973237.5
110562637.5
110959987.5
111655350.0
111754687.5
111854025.0
111953362.5
112052700.0
112152037.5
112416937.5
112549387.5
113344087.5
113741437.5
114006337.5
114138787.5
114536137.5
114933487.5
115330837.5
115529512.5
115628850.0
115728187.5
115827525.0
115926862.5
116026200.0
116125537.5
116920237.5
117185137.5
117317587.5
118509637.5
118774537.5
118906987.5
120496387.5
120628837.5
120761287.5
120893737.5
122085787.5
122218237.5
122350687.5
122483137.5
123277837.5
123675187.5
123807637.5
123940087.5
124072537.5
124370550.0
124469887.5
124569225.0
124668562.5
124767900.0
124867237.5
125165250.0
125264587.5
125363925.0
125463262.5
125562600.0
125661937.5
125926837.5
126059287.5
126191737.5
126324187.5
126456637.5
126754650.0
126853987.5
126953325.0
127052662.5
127152000.0
127251337.5
127516237.5
127648687.5
127781137.5
127913587.5
128046037.5
128310937.5
128443387.5
128575837.5
128708287.5
128840737.5
129105637.5
129238087.5
129370537.5
129502987.5
129635437.5
129834112.5
129933450.0
130032787.5
130165237.5
130297687.5
130430137.5
130827487.5
131026162.5
