2483437.5
2880787.5
3013237.5
3145687.5
3278137.5
3675487.5
3807937.5
3940387.5
4072837.5
4470187.5
4602637.5
4735087.5
4867537.5
4999987.5
5132437.5
5264887.5
5397337.5
5529787.5
5662237.5
6059587.5
6192037.5
6324487.5
6456937.5
6854287.5
6986737.5
7119187.5
7251637.5
7648987.5
7781437.5
7913887.5
8046337.5
8443687.5
8576137.5
8708587.5
8841037.5
9238387.5
9370837.5
9503287.5
9635737.5
10033087.5
10430437.5
10827787.5
10960237.5
11092687.5
11225137.5
11622487.5
12019837.5
12417187.5
12549637.5
12682087.5
12814537.5
13211887.5
13609237.5
14006587.5
14139037.5
14271487.5
14403937.5
14801287.5
15198637.5
15595987.5
15728437.5
15860887.5
15993337.5
16390687.5
16523137.5
16655587.5
16788037.5
17185387.5
17317837.5
17450287.5
17582737.5
17980087.5
18112537.5
18244987.5
18377437.5
18774787.5
18907237.5
19039687.5
19172137.5
19569487.5
19701937.5
19834387.5
19966837.5
20364187.5
20496637.5
20629087.5
20761537.5
21158887.5
21357562.5
21556237.5
21953587.5
22086037.5
22218487.5
22350937.5
22748287.5
23145637.5
23542987.5
23675437.5
23807887.5
23940337.5
24337687.5
24735037.5
25132387.5
25264837.5
25397287.5
25529737.5
25927087.5
26324437.5
26721787.5
26854237.5
26986687.5
27119137.5
27516487.5
27913837.5
28311187.5
28443637.5
28576087.5
28708537.5
29105887.5
29238337.5
29370787.5
29503237.5
29900587.5
30297937.5
31092637.5
31489987.5
31887337.5
32284687.5
32417137.5
32549587.5
32682037.5
32814487.5
32946937.5
33079387.5
33476737.5
34271437.5
34668787.5
34801237.5
34933687.5
35066137.5
35463487.5
35595937.5
35728387.5
35860837.5
36258187.5
36390637.5
36523087.5
36655537.5
37052887.5
37185337.5
37317787.5
37450237.5
37847587.5
37980037.5
38112487.5
38244937.5
38642287.5
38774737.5
38907187.5
39039637.5
39436987.5
39569437.5
39701887.5
39834337.5
40132350.0
40430362.5
40629037.5
41026387.5
41158837.5
41291287.5
41423737.5
41821087.5
41953537.5
42085987.5
42218437.5
42615787.5
42748237.5
42880687.5
43013137.5
43410487.5
43542937.5
43675387.5
43807837.5
44205187.5
44337637.5
44470087.5
44602537.5
44999887.5
45132337.5
45264787.5
45397237.5
46324387.5
46456837.5
46589287.5
46721737.5
46854187.5
46986637.5
47383987.5
47516437.5
47648887.5
47781337.5
48178687.5
48576037.5
48973387.5
49105837.5
49238287.5
49370737.5
49768087.5
50165437.5
50562787.5
50695237.5
50827687.5
50960137.5
51357487.5
51754837.5
52152187.5
52284637.5
52417087.5
52549537.5
52946887.5
53344237.5
53741587.5
53874037.5
54006487.5
54138937.5
54536287.5
54668737.5
54801187.5
54933637.5
55330987.5
55463437.5
55595887.5
55728337.5
56125687.5
56258137.5
56390587.5
56523037.5
56920387.5
57052837.5
57185287.5
57317737.5
57715087.5
57847537.5
57979987.5
58112437.5
58509787.5
58642237.5
58774687.5
58907137.5
59304487.5
59503162.5
59701837.5
60099187.5
60231637.5
60364087.5
60496537.5
60893887.5
61291237.5
61688587.5
61821037.5
61953487.5
62085937.5
62483287.5
62880637.5
63277987.5
63410437.5
63542887.5
63675337.5
64072687.5
64470037.5
64867387.5
64999837.5
65132287.5
65264737.5
65662087.5
66059437.5
66456787.5
66589237.5
66721687.5
66854137.5
67251487.5
67383937.5
67516387.5
67648837.5
68046187.5
68443537.5
69238237.5
69635587.5
70032937.5
70430287.5
70562737.5
70695187.5
70827637.5
70960087.5
71092537.5
71224987.5
71622337.5
72417037.5
72814387.5
72946837.5
73079287.5
73211737.5
73609087.5
73741537.5
73873987.5
74006437.5
74403787.5
74536237.5
74668687.5
74801137.5
75198487.5
75330937.5
75463387.5
75595837.5
75993187.5
76125637.5
76258087.5
76390537.5
76787887.5
76920337.5
77052787.5
77185237.5
77582587.5
77715037.5
77847487.5
77979937.5
78277950.0
78575962.5
78774637.5
79171987.5
79304437.5
79436887.5
79569337.5
79966687.5
80099137.5
80231587.5
80364037.5
80761387.5
80893837.5
81026287.5
81158737.5
81556087.5
81688537.5
81820987.5
81953437.5
82350787.5
82483237.5
82615687.5
82748137.5
83145487.5
83277937.5
83410387.5
83542837.5
84469987.5
84602437.5
84734887.5
84867337.5
84999787.5
85132237.5
85529587.5
85662037.5
85794487.5
85926937.5
86324287.5
86721637.5
87118987.5
87251437.5
87383887.5
87516337.5
87913687.5
88311037.5
88708387.5
88840837.5
88973287.5
89105737.5
89503087.5
89900437.5
90297787.5
90430237.5
90562687.5
90695137.5
91092487.5
91489837.5
91887187.5
92019637.5
92152087.5
92284537.5
92681887.5
92814337.5
92946787.5
93079237.5
93476587.5
93609037.5
93741487.5
93873937.5
94271287.5
94403737.5
94536187.5
94668637.5
95065987.5
95198437.5
95330887.5
95463337.5
95860687.5
95993137.5
96125587.5
96258037.5
96655387.5
96787837.5
96920287.5
97052737.5
97450087.5
97648762.5
97847437.5
98244787.5
98377237.5
98509687.5
98642137.5
99039487.5
99436837.5
99834187.5
99966637.5
100099087.5
100231537.5
100628887.5
101026237.5
101423587.5
101556037.5
101688487.5
101820937.5
102218287.5
102615637.5
103012987.5
103145437.5
103277887.5
103410337.5
103807687.5
104205037.5
104602387.5
104734837.5
104867287.5
104999737.5
105397087.5
105529537.5
105661987.5
105794437.5
106191787.5
106589137.5
107383837.5
107781187.5
108178537.5
108575887.5
108708337.5
108840787.5
108973237.5
109105687.5
109238137.5
109370587.5
109767937.5
110562637.5
110959987.5
111092437.5
111224887.5
111357337.5
111754687.5
111887137.5
112019587.5
112152037.5
112549387.5
112681837.5
112814287.5
112946737.5
113344087.5
113476537.5
113608987.5
113741437.5
114138787.5
114271237.5
114403687.5
114536137.5
114933487.5
115065937.5
115198387.5
115330837.5
115728187.5
115860637.5
115993087.5
116125537.5
116423550.0
116721562.5
116920237.5
117317587.5
117450037.5
117582487.5
117714937.5
118112287.5
118244737.5
118377187.5
118509637.5
118906987.5
119039437.5
119171887.5
119304337.5
119701687.5
119834137.5
119966587.5
120099037.5
120496387.5
120628837.5
120761287.5
120893737.5
121291087.5
121423537.5
121555987.5
121688437.5
122615587.5
122748037.5
122880487.5
123012937.5
123145387.5
123277837.5
123675187.5
123807637.5
123940087.5
124072537.5
124469887.5
124867237.5
125264587.5
125397037.5
125529487.5
125661937.5
126059287.5
126456637.5
126853987.5
126986437.5
127118887.5
127251337.5
127648687.5
128046037.5
128443387.5
128575837.5
128708287.5
128840737.5
129238087.5
129635437.5
130032787.5
130165237.5
130297687.5
130430137.5
130827487.5
130959937.5
131092387.5
