2574496.875
2971846.875
3104296.875
3236746.875
3369196.875
3766546.875
3898996.875
4031446.875
4163896.875
4561246.875
4693696.875
4826146.875
4958596.875
5091046.875
5223496.875
5355946.875
5488396.875
5620846.875
5769853.125
6150646.875
6283096.875
6415546.875
6564553.125
6945346.875
7077796.875
7210246.875
7359253.125
7740046.875
7872496.875
8004946.875
8153953.125
8534746.875
8667196.875
8799646.875
8948653.125
9329446.875
9461896.875
9594346.875
9743353.125
10140703.125
10538053.125
10918846.875
11051296.875
11183746.875
11332753.125
11730103.125
12127453.125
12508246.875
12640696.875
12773146.875
12922153.125
13319503.125
13716853.125
14097646.875
14230096.875
14362546.875
14511553.125
14908903.125
15306253.125
15687046.875
15819496.875
15951946.875
16084396.875
16481746.875
16614196.875
16746646.875
16879096.875
17276446.875
17408896.875
17541346.875
17673796.875
18071146.875
18203596.875
18336046.875
18468496.875
18865846.875
18998296.875
19130746.875
19263196.875
19660546.875
19792996.875
19925446.875
20057896.875
20455246.875
20587696.875
20720146.875
21034715.625
21291337.5
21490012.5
21647296.875
22044646.875
22177096.875
22309546.875
22441996.875
22839346.875
23236696.875
23634046.875
23766496.875
23898946.875
24031396.875
24428746.875
24826096.875
25223446.875
25355896.875
25488346.875
25620796.875
26018146.875
26415496.875
26812846.875
26945296.875
27077746.875
27210196.875
27607546.875
28004896.875
28402246.875
28534696.875
28667146.875
28799596.875
29196946.875
29329396.875
29461846.875
29900587.5
30297937.5
31092637.5
31489987.5
31887337.5
32019787.5
32375746.875
32508196.875
32640646.875
32773096.875
32905546.875
33037996.875
33170446.875
33567796.875
34362496.875
34759846.875
34892296.875
35024746.875
35157196.875
35554546.875
35686996.875
35819446.875
35951896.875
36349246.875
36481696.875
36614146.875
36746596.875
37143946.875
37276396.875
37408846.875
37541296.875
37938646.875
38071096.875
38203546.875
38335996.875
38733346.875
38865796.875
38998246.875
39130696.875
39528046.875
39660496.875
39792946.875
39983343.75
40297912.5
40529700.0
40720096.875
41117446.875
41249896.875
41382346.875
41514796.875
41912146.875
42044596.875
42177046.875
42309496.875
42706846.875
42839296.875
42971746.875
43104196.875
43501546.875
43633996.875
43766446.875
43956843.75
44296246.875
44428696.875
44561146.875
44693596.875
45090946.875
45223396.875
45355846.875
45488296.875
46415446.875
46547896.875
46680346.875
46812796.875
46945246.875
47094253.125
47475046.875
47607496.875
47739946.875
47888953.125
48286303.125
48683653.125
49064446.875
49196896.875
49329346.875
49478353.125
49875703.125
50273053.125
50653846.875
50786296.875
50918746.875
51067753.125
51465103.125
51862453.125
52243246.875
52375696.875
52508146.875
52657153.125
53054503.125
53451853.125
53832646.875
53965096.875
54097546.875
54229996.875
54627346.875
54759796.875
54892246.875
55024696.875
55422046.875
55554496.875
55686946.875
55819396.875
56216746.875
56349196.875
56481646.875
56614096.875
57011446.875
57143896.875
57276346.875
57408796.875
57806146.875
57938596.875
58071046.875
58203496.875
58600846.875
58733296.875
58865746.875
59180315.625
59436937.5
59635612.5
59792896.875
60190246.875
60322696.875
60455146.875
60587596.875
60984946.875
61382296.875
61779646.875
61912096.875
62044546.875
62176996.875
62574346.875
62971696.875
63369046.875
63501496.875
63633946.875
63766396.875
64163746.875
64561096.875
64958446.875
65090896.875
65223346.875
65355796.875
65753146.875
66150496.875
66547846.875
66680296.875
66812746.875
66945196.875
67342546.875
67474996.875
67607446.875
68046187.5
68443537.5
69238237.5
69635587.5
70032937.5
70165387.5
70521346.875
70653796.875
70786246.875
70918696.875
71051146.875
71183596.875
71316046.875
71713396.875
72508096.875
72905446.875
73037896.875
73170346.875
73302796.875
73700146.875
73832596.875
73965046.875
74097496.875
74494846.875
74627296.875
74759746.875
74892196.875
75289546.875
75421996.875
75554446.875
75686896.875
76084246.875
76216696.875
76349146.875
76481596.875
76878946.875
77011396.875
77143846.875
77276296.875
77673646.875
77806096.875
77938546.875
78128943.75
78443512.5
78675300.0
78865696.875
79263046.875
79395496.875
79527946.875
79660396.875
80057746.875
80190196.875
80322646.875
80455096.875
80852446.875
80984896.875
81117346.875
81249796.875
81647146.875
81779596.875
81912046.875
82102443.75
82441846.875
82574296.875
82706746.875
82839196.875
83236546.875
83368996.875
83501446.875
83633896.875
84561046.875
84693496.875
84825946.875
84958396.875
85090846.875
85239853.125
85620646.875
85753096.875
85885546.875
86034553.125
86431903.125
86829253.125
87210046.875
87342496.875
87474946.875
87623953.125
88021303.125
88418653.125
88799446.875
88931896.875
89064346.875
89213353.125
89610703.125
90008053.125
90388846.875
90521296.875
90653746.875
90802753.125
91200103.125
91597453.125
91978246.875
92110696.875
92243146.875
92375596.875
92772946.875
92905396.875
93037846.875
93170296.875
93567646.875
93700096.875
93832546.875
93964996.875
94362346.875
94494796.875
94627246.875
94759696.875
95157046.875
95289496.875
95421946.875
95554396.875
95951746.875
96084196.875
96216646.875
96349096.875
96746446.875
96878896.875
97011346.875
97325915.625
97582537.5
97781212.5
97938496.875
98335846.875
98468296.875
98600746.875
98733196.875
99130546.875
99527896.875
99925246.875
100057696.875
100190146.875
100322596.875
100719946.875
101117296.875
101514646.875
101647096.875
101779546.875
101911996.875
102309346.875
102706696.875
103104046.875
103236496.875
103368946.875
103501396.875
103898746.875
104296096.875
104693446.875
104825896.875
104958346.875
105090796.875
105488146.875
105620596.875
105753046.875
106191787.5
106589137.5
107383837.5
107781187.5
108178537.5
108310987.5
108666946.875
108799396.875
108931846.875
109064296.875
109196746.875
109329196.875
109461646.875
109858996.875
110653696.875
111051046.875
111183496.875
111315946.875
111448396.875
111845746.875
111978196.875
112110646.875
112243096.875
112640446.875
112772896.875
112905346.875
113037796.875
113435146.875
113567596.875
113700046.875
113832496.875
114229846.875
114362296.875
114494746.875
114627196.875
115024546.875
115156996.875
115289446.875
115421896.875
115819246.875
115951696.875
116084146.875
116274543.75
116589112.5
116820900.0
117011296.875
117408646.875
117541096.875
117673546.875
117805996.875
118203346.875
118335796.875
118468246.875
118600696.875
118998046.875
119130496.875
119262946.875
119395396.875
119792746.875
119925196.875
120057646.875
120248043.75
120587446.875
120719896.875
120852346.875
120984796.875
121382146.875
121514596.875
121647046.875
121779496.875
122706646.875
122839096.875
122971546.875
123103996.875
123236446.875
123385453.125
123766246.875
123898696.875
124031146.875
124180153.125
124577503.125
124974853.125
125355646.875
125488096.875
125620546.875
125769553.125
126166903.125
126564253.125
126945046.875
127077496.875
127209946.875
127358953.125
127756303.125
128153653.125
128534446.875
128666896.875
128799346.875
128948353.125
129345703.125
129743053.125
130123846.875
130256296.875
130388746.875
130521196.875
130918546.875
131050996.875
131183446.875
