2649000.0
2963568.75
3096018.75
3228468.75
3443700.0
3758268.75
3890718.75
4023168.75
4238400.0
4552968.75
4685418.75
4817868.75
5033100.0
5347668.75
5480118.75
5612568.75
6514884.375
6937068.75
7069518.75
7201968.75
8104284.375
9006600.0
9321168.75
9453618.75
9586068.75
9801300.0
9999975.0
10099312.5
10198650.0
10297987.5
10397325.0
10620834.375
10794675.0
10894012.5
10993350.0
11092687.5
11192025.0
11357587.5
11572818.75
11705268.75
11837718.75
11970168.75
12193678.125
12384075.0
12483412.5
12582750.0
12682087.5
12781425.0
12897318.75
13162218.75
13294668.75
13427118.75
13559568.75
13692018.75
13956918.75
14089368.75
14221818.75
14354268.75
14486718.75
14751618.75
14884068.75
15016518.75
15148968.75
15322809.375
15455259.375
15554596.875
15678768.75
15811218.75
15943668.75
16158900.0
16514859.375
16713534.375
16912209.375
17044659.375
17143996.875
17259890.625
17392340.625
17524790.625
17740021.875
18095981.25
18294656.25
18534721.875
18849290.625
18981740.625
19114190.625
19329421.875
19428759.375
19528096.875
19627434.375
19726771.875
19826109.375
19925446.875
20364187.5
21721800.0
22036368.75
22168818.75
22301268.75
22516500.0
22715175.0
22814512.5
22913850.0
23013187.5
23112525.0
23336034.375
23509875.0
23609212.5
23708550.0
23807887.5
23907225.0
24072787.5
24288018.75
24420468.75
24552918.75
24685368.75
24908878.125
25099275.0
25198612.5
25297950.0
25397287.5
25496625.0
25612518.75
25877418.75
26009868.75
26142318.75
26274768.75
26407218.75
26672118.75
26804568.75
26937018.75
27069468.75
27201918.75
27466818.75
27599268.75
27731718.75
27864168.75
28038009.375
28170459.375
28269796.875
28393968.75
28526418.75
28658868.75
28874100.0
29230059.375
29428734.375
29586018.75
29718468.75
29850918.75
29983368.75
30115818.75
30248268.75
30380718.75
30645618.75
30778068.75
30910518.75
31042968.75
31804556.25
32599256.25
33634021.875
34445278.125
35090971.875
35430375.0
35529712.5
35629050.0
35728387.5
35827725.0
35960175.0
36225075.0
36812821.875
37367456.25
37549575.0
37814475.0
38137321.875
38534671.875
38932021.875
39138975.0
39304537.5
39403875.0
39503212.5
39602550.0
39701887.5
39801225.0
40364137.5
40711818.75
40976718.75
41556187.5
42301218.75
42566118.75
43410487.5
44287968.75
44420418.75
44552868.75
44950218.75
45877368.75
46009818.75
46142268.75
46440281.25
47152200.0
47466768.75
47599218.75
47731668.75
47946900.0
48145575.0
48244912.5
48344250.0
48443587.5
48542925.0
48766434.375
48940275.0
49039612.5
49138950.0
49238287.5
49337625.0
49503187.5
49718418.75
49850868.75
49983318.75
50115768.75
50339278.125
50529675.0
50629012.5
50728350.0
50827687.5
50927025.0
51042918.75
51307818.75
51440268.75
51572718.75
51705168.75
51837618.75
52102518.75
52234968.75
52367418.75
52499868.75
52632318.75
52897218.75
53029668.75
53162118.75
53294568.75
53468409.375
53600859.375
53700196.875
53824368.75
53956818.75
54089268.75
54304500.0
54660459.375
54859134.375
55057809.375
55190259.375
55289596.875
55405490.625
55537940.625
55670390.625
55885621.875
56241581.25
56440256.25
56680321.875
56994890.625
57127340.625
57259790.625
57475021.875
57574359.375
57673696.875
57773034.375
57872371.875
57971709.375
58071046.875
58509787.5
59867400.0
60181968.75
60314418.75
60446868.75
60662100.0
60860775.0
60960112.5
61059450.0
61158787.5
61258125.0
61481634.375
61655475.0
61754812.5
61854150.0
61953487.5
62052825.0
62218387.5
62433618.75
62566068.75
62698518.75
62830968.75
63054478.125
63244875.0
63344212.5
63443550.0
63542887.5
63642225.0
63758118.75
64023018.75
64155468.75
64287918.75
64420368.75
64552818.75
64817718.75
64950168.75
65082618.75
65215068.75
65347518.75
65612418.75
65744868.75
65877318.75
66009768.75
66183609.375
66316059.375
66415396.875
66539568.75
66672018.75
66804468.75
67019700.0
67375659.375
67574334.375
67731618.75
67864068.75
67996518.75
68128968.75
68261418.75
68393868.75
68526318.75
68791218.75
68923668.75
69056118.75
69188568.75
69950156.25
70744856.25
71779621.875
72590878.125
73236571.875
73575975.0
73675312.5
73774650.0
73873987.5
73973325.0
74105775.0
74370675.0
74958421.875
75513056.25
75695175.0
75960075.0
76282921.875
76680271.875
77077621.875
77284575.0
77450137.5
77549475.0
77648812.5
77748150.0
77847487.5
77946825.0
78509737.5
78857418.75
79122318.75
79701787.5
80446818.75
80711718.75
81556087.5
82433568.75
82566018.75
82698468.75
83095818.75
84022968.75
84155418.75
84287868.75
84585881.25
85297800.0
85612368.75
85744818.75
85877268.75
86092500.0
86291175.0
86390512.5
86489850.0
86589187.5
86688525.0
86912034.375
87085875.0
87185212.5
87284550.0
87383887.5
87483225.0
87648787.5
87864018.75
87996468.75
88128918.75
88261368.75
88484878.125
88675275.0
88774612.5
88873950.0
88973287.5
89072625.0
89188518.75
89453418.75
89585868.75
89718318.75
89850768.75
89983218.75
90248118.75
90380568.75
90513018.75
90645468.75
90777918.75
91042818.75
91175268.75
91307718.75
91440168.75
91614009.375
91746459.375
91845796.875
91969968.75
92102418.75
92234868.75
92450100.0
92806059.375
93004734.375
93203409.375
93335859.375
93435196.875
93551090.625
93683540.625
93815990.625
94031221.875
94387181.25
94585856.25
94825921.875
95140490.625
95272940.625
95405390.625
95620621.875
95719959.375
95819296.875
95918634.375
96017971.875
96117309.375
96216646.875
96655387.5
98013000.0
98327568.75
98460018.75
98592468.75
98807700.0
99006375.0
99105712.5
99205050.0
99304387.5
99403725.0
99627234.375
99801075.0
99900412.5
99999750.0
100099087.5
100198425.0
100363987.5
100579218.75
100711668.75
100844118.75
100976568.75
101200078.125
101390475.0
101489812.5
101589150.0
101688487.5
101787825.0
101903718.75
102168618.75
102301068.75
102433518.75
102565968.75
102698418.75
102963318.75
103095768.75
103228218.75
103360668.75
103493118.75
103758018.75
103890468.75
104022918.75
104155368.75
104329209.375
104461659.375
104560996.875
104685168.75
104817618.75
104950068.75
105165300.0
105521259.375
105719934.375
105877218.75
106009668.75
106142118.75
106274568.75
106407018.75
106539468.75
106671918.75
106936818.75
107069268.75
107201718.75
107334168.75
108095756.25
108890456.25
109925221.875
110736478.125
111382171.875
111721575.0
111820912.5
111920250.0
112019587.5
112118925.0
112251375.0
112516275.0
113104021.875
113658656.25
113840775.0
114105675.0
114428521.875
114825871.875
115223221.875
115430175.0
115595737.5
115695075.0
115794412.5
115893750.0
115993087.5
116092425.0
116655337.5
117003018.75
117267918.75
117847387.5
118592418.75
118857318.75
119701687.5
120579168.75
120711618.75
120844068.75
121241418.75
122168568.75
122301018.75
122433468.75
122731481.25
123443400.0
123757968.75
123890418.75
124022868.75
124238100.0
124436775.0
124536112.5
124635450.0
124734787.5
124834125.0
125057634.375
125231475.0
125330812.5
125430150.0
125529487.5
125628825.0
125794387.5
126009618.75
126142068.75
126274518.75
126406968.75
126630478.125
126820875.0
126920212.5
127019550.0
127118887.5
127218225.0
127458290.625
127599018.75
127731468.75
127863918.75
127996368.75
128128818.75
128393718.75
128526168.75
128658618.75
128791068.75
128923518.75
129188418.75
129320868.75
129453318.75
129585768.75
129759609.375
129892059.375
129991396.875
130115568.75
130248018.75
130380468.75
130595700.0
130951659.375
131150334.375
