2706946.875
2988403.125
3120853.125
3253303.125
3501646.875
3783103.125
3915553.125
4048003.125
4288068.75
4577803.125
4710253.125
4842703.125
5082768.75
5372503.125
5504953.125
5637403.125
6630778.125
6961903.125
7094353.125
7226803.125
8220178.125
8551303.125
8683753.125
8816203.125
9056268.75
9668850.0
10016531.25
10115868.75
10215206.25
10314543.75
10413881.25
11092687.5
11597653.125
11730103.125
11862553.125
11995003.125
12682087.5
13187053.125
13319503.125
13451953.125
13584403.125
13716853.125
13981753.125
14437050.0
14908903.125
15041353.125
15173803.125
15355921.875
15480093.75
15579431.25
16241681.25
16547971.875
16746646.875
16945321.875
17069493.75
17168831.25
17831081.25
18137371.875
18336046.875
18534721.875
18650615.625
18749953.125
19370812.5
19867500.0
20264850.0
21771468.75
22384050.0
22731731.25
22831068.75
22930406.25
23029743.75
23129081.25
23807887.5
24312853.125
24445303.125
24577753.125
24710203.125
25397287.5
25902253.125
26034703.125
26167153.125
26299603.125
26432053.125
26696953.125
27152250.0
27624103.125
27756553.125
27889003.125
28071121.875
28195293.75
28294631.25
28956881.25
29263171.875
29461846.875
29635687.5
29768137.5
29900587.5
30033037.5
30165487.5
30297937.5
30405553.125
30670453.125
30802903.125
30935353.125
31067803.125
31340981.25
31688662.5
31887337.5
32284687.5
32417137.5
32549587.5
32682037.5
32789653.125
32922103.125
33054553.125
33187003.125
33319453.125
33451903.125
33700246.875
47201868.75
47814450.0
48162131.25
48261468.75
48360806.25
48460143.75
48559481.25
49238287.5
49743253.125
49875703.125
50008153.125
50140603.125
50827687.5
51332653.125
51465103.125
51597553.125
51730003.125
51862453.125
52127353.125
52582650.0
53054503.125
53186953.125
53319403.125
53501521.875
53625693.75
53725031.25
54387281.25
54693571.875
54892246.875
55090921.875
55215093.75
55314431.25
55976681.25
56282971.875
56481646.875
56680321.875
56796215.625
56895553.125
57516412.5
58013100.0
58410450.0
59917068.75
60529650.0
60877331.25
60976668.75
61076006.25
61175343.75
61274681.25
61953487.5
62458453.125
62590903.125
62723353.125
62855803.125
63542887.5
64047853.125
64180303.125
64312753.125
64445203.125
64577653.125
64842553.125
65297850.0
65769703.125
65902153.125
66034603.125
66216721.875
66340893.75
66440231.25
67102481.25
67408771.875
67607446.875
67781287.5
67913737.5
68046187.5
68178637.5
68311087.5
68443537.5
68551153.125
68816053.125
68948503.125
69080953.125
69213403.125
69486581.25
69834262.5
70032937.5
70430287.5
70562737.5
70695187.5
70827637.5
70935253.125
71067703.125
71200153.125
71332603.125
71465053.125
71597503.125
71845846.875
85347468.75
85960050.0
86307731.25
86407068.75
86506406.25
86605743.75
86705081.25
87383887.5
87888853.125
88021303.125
88153753.125
88286203.125
88973287.5
89478253.125
89610703.125
89743153.125
89875603.125
90008053.125
90272953.125
90728250.0
91200103.125
91332553.125
91465003.125
91647121.875
91771293.75
91870631.25
92532881.25
92839171.875
93037846.875
93236521.875
93360693.75
93460031.25
94122281.25
94428571.875
94627246.875
94825921.875
94941815.625
95041153.125
95662012.5
96158700.0
96556050.0
98062668.75
98675250.0
99022931.25
99122268.75
99221606.25
99320943.75
99420281.25
100099087.5
100604053.125
100736503.125
100868953.125
101001403.125
101688487.5
102193453.125
102325903.125
102458353.125
102590803.125
102723253.125
102988153.125
103443450.0
103915303.125
104047753.125
104180203.125
104362321.875
104486493.75
104585831.25
105248081.25
105554371.875
105753046.875
105926887.5
106059337.5
106191787.5
106324237.5
106456687.5
106589137.5
106696753.125
106961653.125
107094103.125
107226553.125
107359003.125
107632181.25
107979862.5
108178537.5
108575887.5
108708337.5
108840787.5
108973237.5
109080853.125
109213303.125
109345753.125
109478203.125
109610653.125
109743103.125
109991446.875
123493068.75
124105650.0
124453331.25
124552668.75
124652006.25
124751343.75
124850681.25
125529487.5
126034453.125
126166903.125
126299353.125
126431803.125
127118887.5
127623853.125
127756303.125
127888753.125
128021203.125
128153653.125
128418553.125
128873850.0
129345703.125
129478153.125
129610603.125
129792721.875
129916893.75
130016231.25
130678481.25
130984771.875
131183446.875
