659
659
659
523
659
784
523
392
330
440
494
466
440
392
659
784
880
698
784
659
523
587
494
523
392
330
440
494
466
440
392
659
784
880
698
784
659
523
587
494
784
740
698
622
659
415
440
523
440
523
587
784
740
698
622
659
1047
1047
1047
784
740
698
622
659
415
440
523
440
523
587
622
587
523
784
740
698
622
659
415
440
523
440
523
587
784
740
698
622
659
1047
1047
1047
784
740
698
622
659
415
440
523
440
523
587
622
587
523
523
523
523
523
587
659
523
440
392
523
523
523
523
587
659
523
523
523
523
587
659
523
440
392
659
659
659
523
659
784
523
392
330
440
494
466
440
392
659
784
880
698
784
659
523
587
494
523
392
330
440
494
466
440
392
659
784
880
698
784
659
523
587
494
659
523
392
415
440
698
698
440
494
880
880
880
784
698
659
523
440
392
659
523
392
415
440
698
698
440
494
698
698
698
659
587
523
659
523
392
415
440
698
698
440
494
880
880
880
784
698
659
523
440
392
659
523
392
415
440
698
698
440
494
698
698
698
659
587
523
523
523
523
523
587
659
523
440
392
523
523
523
523
587
659
523
523
523
523
587
659
523
440
392
659
659
659
523
659
784
659
523
392
415
440
698
698
440
494
880
880
880
784
698
659
523
440
392
659
523
392
415
440
698
698
440
494
698
698
698
659
587
523
