370
370
370
370
370
494
392
330
262
196
262
294
277
262
262
392
494
523
440
494
440
330
349
294
330
262
196
262
294
277
262
262
392
494
523
440
494
440
330
349
294
659
622
587
494
523
330
349
392
262
330
349
659
622
587
494
523
698
698
698
659
622
587
494
523
330
349
392
262
330
349
415
349
330
659
622
587
494
523
330
349
392
262
330
349
659
622
587
494
523
698
698
698
659
622
587
494
523
330
349
392
262
330
349
415
349
330
415
415
415
415
466
392
330
330
262
415
415
415
415
466
392
415
415
415
415
466
392
330
330
262
370
370
370
370
370
494
392
330
262
196
262
294
277
262
262
392
494
523
440
494
440
330
349
294
330
262
196
262
294
277
262
262
392
494
523
440
494
440
330
349
294
523
440
330
330
349
523
523
349
392
698
698
698
659
587
523
440
349
330
523
440
330
330
349
523
523
349
392
587
587
587
523
494
392
330
330
262
523
440
330
330
349
523
523
349
392
698
698
698
659
587
523
440
349
330
523
440
330
330
349
523
523
349
392
587
587
587
523
494
392
330
330
262
415
415
415
415
466
392
330
330
262
415
415
415
415
466
392
415
415
415
415
466
392
330
330
262
370
370
370
370
370
494
392
523
440
330
330
349
523
523
349
392
698
698
698
659
587
523
440
349
330
523
440
330
330
349
523
523
349
392
587
587
587
523
494
392
330
330
262
