147
147
147
147
147
392
196
196
165
131
175
196
185
175
165
262
330
349
294
330
262
220
247
196
196
165
131
175
196
185
175
165
262
330
349
294
330
262
220
247
196
131
196
262
175
262
262
175
131
165
196
262
784
784
784
196
131
196
262
175
262
262
175
131
208
233
262
196
196
131
131
196
262
175
262
262
175
131
165
196
262
784
784
784
196
131
196
262
175
262
262
175
131
208
233
262
196
196
131
104
156
208
196
131
98
104
156
208
196
131
98
104
156
208
196
131
98
147
147
147
147
147
392
196
196
165
131
175
196
185
175
165
262
330
349
294
330
262
220
247
196
196
165
131
175
196
185
175
165
262
330
349
294
330
262
220
247
196
131
185
196
262
175
175
262
262
175
147
175
196
247
196
196
262
262
196
131
185
196
262
175
175
262
262
175
196
196
196
196
220
247
262
196
131
131
185
196
262
175
175
262
262
175
147
175
196
247
196
196
262
262
196
131
185
196
262
175
175
262
262
175
196
196
196
196
220
247
262
196
131
104
156
208
196
131
98
104
156
208
196
131
98
104
156
208
196
131
98
147
147
147
147
147
392
196
131
185
196
262
175
175
262
262
175
147
175
196
247
196
196
262
262
196
131
185
196
262
175
175
262
262
175
196
196
196
196
220
247
262
196
131
