0.0
142857.0
428571.0
714285.0
857142.0
1142856.0
2285712.0
2714283.0
3142854.0
3571425.0
3857139.0
4142853.0
4285710.0
4571424.0
4761900.0
4952376.0
5142852.0
5428566.0
5571423.0
5857137.0
6142851.0
6285708.0
6428565.0
6857136.0
7285707.0
7714278.0
8142849.0
8428563.0
8714277.0
8857134.0
9142848.0
9333324.0
9523800.0
9714276.0
9999990.0
10142847.0
10428561.0
10714275.0
10857132.0
10999989.0
11714274.0
11857131.0
11999988.0
12142845.0
12428559.0
12714273.0
12857130.0
12999987.0
13285701.0
13428558.0
13571415.0
13999986.0
14142843.0
14285700.0
14428557.0
14714271.0
14999985.0
15285699.0
15428556.0
16285698.0
16428555.0
16571412.0
16714269.0
16999983.0
17285697.0
17428554.0
17571411.0
17857125.0
17999982.0
18142839.0
18571410.0
18999981.0
19428552.0
20857122.0
20999979.0
21142836.0
21285693.0
21571407.0
21857121.0
21999978.0
22142835.0
22428549.0
22571406.0
22714263.0
23142834.0
23285691.0
23428548.0
23571405.0
23857119.0
24142833.0
24428547.0
24571404.0
25428546.0
25571403.0
25714260.0
25857117.0
26142831.0
26428545.0
26571402.0
26714259.0
26999973.0
27142830.0
27285687.0
27714258.0
28142829.0
28571400.0
29714256.0
29857113.0
30142827.0
30428541.0
30571398.0
30857112.0
30999969.0
31285683.0
31428540.0
31999968.0
32142825.0
32428539.0
32714253.0
32857110.0
32999967.0
34285680.0
34428537.0
34714251.0
34999965.0
35142822.0
35428536.0
35571393.0
35857107.0
35999964.0
36571392.0
36714249.0
36999963.0
37285677.0
37428534.0
37714248.0
38857104.0
39285675.0
39714246.0
40142817.0
40428531.0
40714245.0
40857102.0
41142816.0
41333292.0
41523768.0
41714244.0
41999958.0
42142815.0
42428529.0
42714243.0
42857100.0
42999957.0
43428528.0
43857099.0
44285670.0
44714241.0
44999955.0
45285669.0
45428526.0
45714240.0
45904716.0
46095192.0
46285668.0
46571382.0
46714239.0
46999953.0
47285667.0
47428524.0
47571381.0
47999952.0
48142809.0
48428523.0
48857094.0
49142808.0
49285665.0
49571379.0
49714236.0
50285664.0
50476140.0
50666616.0
50857092.0
51047568.0
51238044.0
51428520.0
51571377.0
51857091.0
51999948.0
52571376.0
52714233.0
52999947.0
53428518.0
53714232.0
53857089.0
54142803.0
54285660.0
54857088.0
54999945.0
55285659.0
55428516.0
55618992.0
55809468.0
55999944.0
57142800.0
57285657.0
57571371.0
57999942.0
58285656.0
58428513.0
58714227.0
58857084.0
59428512.0
59618988.0
59809464.0
59999940.0
60190416.0
60380892.0
60571368.0
60714225.0
60999939.0
61142796.0
61714224.0
61857081.0
62142795.0
62571366.0
62857080.0
62999937.0
63285651.0
63428508.0
63999936.0
64142793.0
64428507.0
64571364.0
64761840.0
64952316.0
65142792.0
66285648.0
66428505.0
66714219.0
66999933.0
67142790.0
67428504.0
67571361.0
67857075.0
67999932.0
68571360.0
68714217.0
68999931.0
69285645.0
69428502.0
69571359.0
70857072.0
70999929.0
71285643.0
71571357.0
71714214.0
71999928.0
72142785.0
72428499.0
72571356.0
73142784.0
73285641.0
73571355.0
73857069.0
73999926.0
74285640.0
75428496.0
75571353.0
75857067.0
76285638.0
76571352.0
76714209.0
76999923.0
77142780.0
77714208.0
77904684.0
78095160.0
78285636.0
78476112.0
78666588.0
78857064.0
78999921.0
79285635.0
79428492.0
79999920.0
80142777.0
80428491.0
80857062.0
81142776.0
81285633.0
81571347.0
81714204.0
82285632.0
82428489.0
82714203.0
82857060.0
83047536.0
83238012.0
83428488.0
