95238.0
238095.0
523809.0
809523.0
952380.0
1238094.0
2380950.0
2809521.0
3238092.0
3666663.0
3952377.0
4238091.0
4380948.0
4666662.0
4857138.0
5047614.0
5238090.0
5523804.0
5666661.0
5952375.0
6238089.0
6380946.0
6523803.0
6952374.0
7380945.0
7809516.0
8238087.0
8523801.0
8809515.0
8952372.0
9238086.0
9428562.0
9619038.0
9809514.0
10095228.0
10238085.0
10523799.0
10809513.0
10952370.0
11095227.0
11809512.0
11952369.0
12095226.0
12238083.0
12523797.0
12809511.0
12952368.0
13095225.0
13380939.0
13523796.0
13666653.0
14095224.0
14238081.0
14380938.0
14523795.0
14809509.0
15095223.0
15380937.0
15523794.0
16380936.0
16523793.0
16666650.0
16809507.0
17095221.0
17380935.0
17523792.0
17666649.0
17952363.0
18095220.0
18238077.0
18666648.0
19095219.0
19523790.0
20952360.0
21095217.0
21238074.0
21380931.0
21666645.0
21952359.0
22095216.0
22238073.0
22523787.0
22666644.0
22809501.0
23238072.0
23380929.0
23523786.0
23666643.0
23952357.0
24238071.0
24523785.0
24666642.0
25523784.0
25666641.0
25809498.0
25952355.0
26238069.0
26523783.0
26666640.0
26809497.0
27095211.0
27238068.0
27380925.0
27809496.0
28238067.0
28666638.0
29809494.0
29952351.0
30238065.0
30523779.0
30666636.0
30952350.0
31095207.0
31380921.0
31523778.0
32095206.0
32238063.0
32523777.0
32809491.0
32952348.0
33095205.0
34380918.0
34523775.0
34809489.0
35095203.0
35238060.0
35523774.0
35666631.0
35952345.0
36095202.0
36666630.0
36809487.0
37095201.0
37380915.0
37523772.0
37809486.0
38952342.0
39380913.0
39809484.0
40238055.0
40523769.0
40809483.0
40952340.0
41238054.0
41428530.0
41619006.0
41809482.0
42095196.0
42238053.0
42523767.0
42809481.0
42952338.0
43095195.0
43523766.0
43952337.0
44380908.0
44809479.0
45095193.0
45380907.0
45523764.0
45809478.0
45999954.0
46190430.0
46380906.0
46666620.0
46809477.0
47095191.0
47380905.0
47523762.0
47666619.0
48095190.0
48238047.0
48523761.0
48952332.0
49238046.0
49380903.0
49666617.0
49809474.0
50380902.0
50571378.0
50761854.0
50952330.0
51142806.0
51333282.0
51523758.0
51666615.0
51952329.0
52095186.0
52666614.0
52809471.0
53095185.0
53523756.0
53809470.0
53952327.0
54238041.0
54380898.0
54952326.0
55095183.0
55380897.0
55523754.0
55714230.0
55904706.0
56095182.0
57238038.0
57380895.0
57666609.0
58095180.0
58380894.0
58523751.0
58809465.0
58952322.0
59523750.0
59714226.0
59904702.0
60095178.0
60285654.0
60476130.0
60666606.0
60809463.0
61095177.0
61238034.0
61809462.0
61952319.0
62238033.0
62666604.0
62952318.0
63095175.0
63380889.0
63523746.0
64095174.0
64238031.0
64523745.0
64666602.0
64857078.0
65047554.0
65238030.0
66380886.0
66523743.0
66809457.0
67095171.0
67238028.0
67523742.0
67666599.0
67952313.0
68095170.0
68666598.0
68809455.0
69095169.0
69380883.0
69523740.0
69666597.0
70952310.0
71095167.0
71380881.0
71666595.0
71809452.0
72095166.0
72238023.0
72523737.0
72666594.0
73238022.0
73380879.0
73666593.0
73952307.0
74095164.0
74380878.0
75523734.0
75666591.0
75952305.0
76380876.0
76666590.0
76809447.0
77095161.0
77238018.0
77809446.0
77999922.0
78190398.0
78380874.0
78571350.0
78761826.0
78952302.0
79095159.0
79380873.0
79523730.0
80095158.0
80238015.0
80523729.0
80952300.0
81238014.0
81380871.0
81666585.0
81809442.0
82380870.0
82523727.0
82809441.0
82952298.0
83142774.0
83333250.0
83523726.0
